3368500
7701729
4920050
8013645
5092087
2256636
3533725
957974
5007122
9374836
3412015
7245431
3993855
9418227
4232013
5325423
3847174
6737985
2431784
1268984
4796150
6000176
4766576
4037628
3328058
1280000
6041083
2984259
7889553
5982360
3998231
9882830
586441
4907943
1435136
4401601
544706
1578542
8308838
4452446
6121908
4727294
1698871
5185926
9208969
1523029
7903327
3244640
4210445
6639230
6393088
624290
1239924
494499
847753
6309036
3179886
3715697
3580993
8608929
1532715
4794558
3011548
2857382
6018437
3629824
4203218
7386053
6178864
2894906
2733858
2356709
4012714
795407
3936447
6309602
5754111
1954068
8065718
4300611
6175180
2130397
1932646
5338946
1543845
1655700
9454340
1910168
8040817
2119978
4270276
6714726
978473
5181606
2341279
1756292
5400590
6579340
5014760
8562491
8385568
2400805
1707511
4201333
1424624
1428026
4975725
9745872
7880811
8709220
6848683
4715185
961816
8858590
9713571
9161623
6930728
9843566
295970
9415746
5384628
351341
6026320
7551707
8929632
1150350
5677695
8455890
9403542
7651785
5994844
8000381
59671
3552118
4988861
175881
662684
9354946
5517847
2030222
8818612
6447344
7533596
2282920
5881311
5618939
2450949
2169849
5668781
1434371
5771693
2725650
4787175
9982725
8613718
6872532
1522538
5528195
2898322
7697740
8523122
6873449
6095540
3735270
8906139
3847173
7816320
5026838
2942549
5050087
3270794
1067161
2785929
26050
2030406
982815
8475278
1326626
9243952
9907485
9237296
4785415
1373226
2498854
6534615
9815818
7338698
8934894
7220331
2853239
5635240
7226374
9267472
3103997
1861940
7861526
7685498
6753413
7047835
7299975
8687616
6665025
4937501
6441483
1344776
418866
1004494
9379890
1731540
3368377
2531032
9837337
8574060
6478932
7686911
1375227
2465780
8254245
4266726
9092298
3626300
5096390
370920
3635256
4405752
2243992
3549663
3928220
6949317
1607900
6314513
984499
9162727
8026431
6270770
9628782
6657635
1628800
2556914
4361523
9304406
7102279
4089614
4977886
8647762
6779063
7127136
164524
2023497
3890464
5087172
6559728
3695083
5935971
752838
6109317
1021472
5583942
5916029
4787030
1488266
9502473
9367670
6544688
4472841
7438060
1347076
8040792
2744138
4743356
9546851
4151446
9858205
5531757
5789528
7766276
8593213
6123746
6503959
1464639
8750707
1754247
3791009
1840076
6857131
3717348
6256977
2509688
6587807
8951202
8647712
5701007
4915688
4731562
7661178
6197629
7897374
1483314
5348106
6649452
1723946
2119589
3289004
4442450
4415887
2318394
7795353
5268589
505324
4375887
6476273
76454
5048435
8367899
7382152
3430472
3276065
9566829
1750071
2336203
3199752
3763577
5094846
6238307
895937
474251
1398759
4714511
5722665
8667841
700517
3083089
548869
559818
979475
1236648
849606
6325688
3255524
4250675
8006910
4787687
6360623
5864999
548288
4106946
6045270
1814380
5586590
2984724
3036242
7768426
7353605
3234736
944911
5974238
8939055
7527188
9601781
5800041
5429173
7922078
932005
4992119
2431184
6755043
2432068
8495386
7345020
8747282
1352925
927477
9030571
2270452
7193529
1534657
6859584
4274426
491078
3031596
2690278
9280216
3470207
9950438
6071539
7349906
1767534
8143741
1723256
3322868
1345907
2877732
1990799
4896713
8668454
7388256
5316690
7073611
6681626
2170606
1766595
7204356
4301073
2049626
7172330
8056872
8793898
2957567
4262148
7295256
5327352
9983858
7540469
588522
2552393
6178034
5687012
5055073
9755245
8763609
6186992
4460206
5577395
1562193
1103129
9049784
8725709
1432098
8333038
6963805
5310060
7754570
3318754
2203591
9251132
7887502
5095339
8057828
6981476
4824756
4648885
4499565
3684733
7655281
9366227
4103738
1447714
5018921
4020121
2081238
8755137
4107606
7921523
5968252
4799240
2836041
7737156
1800272
3529547
3622266
5371570
6404436
5436821
315233
1793418
6277975
6729284
563943
545566
9919530
600029
4911970
4021620
6349156
954487
4760305
2622065
643654
8424888
7983814
7646862
8507635
1361270
3918452
2175766
3054536
4025826
6788252
703456
3042702
171301
6007600
4001945
3106828
6490778
9285456
5771573
5445853
2254955
9607367
9256802
9052357
3987555
6641904
6960360
2305222
4535649
6399890
5463292
5186819
8679948
4855488
4252471
1105524
1652880
8504692
56537
9184547
3445435
2582572
6141443
1006032
4973309
7035634
9953752
1445888
1146040
5712968
5762440
5267121
8022980
7287287
884036
7638963
7110186
9581160
193167
6625921
681553
2283944
668082
1944199
6972114
3931124
514143
2759364
9609191
238386
7750931
2222791
4286055
7116545
4541652
2337621
7788711
5943719
3931465
6214280
1516557
933052
1610725
6414106
8002909
6137988
5495870
8247120
7873719
6573239
350200
5057674
5078413
1596633
7418268
6200379
2478254
9609938
1040459
7051066
3822161
5932147
8369149
168610
663259
5894108
7138823
1658908
2140444
1054315
8910716
7257774
1214489
6903719
8044379
6344481
7561427
5264444
9592438
2557500
3715775
9990738
1521887
6639728
9364283
3304244
1264592
2619743
7082928
3565590
9866482
3406074
127737
8293883
1854746
2617486
8585572
6188571
1730632
753270
7014746
3719407
2788595
3369154
9576293
8892876
6323217
6875607
2326258
1809118
2007527
6726991
5673258
7222744
3385708
6502611
5348572
2567844
1814730
5966484
9759372
4809935
8472710
8820018
3198388
4000017
7587973
97054
7219461
3402328
8811759
4757121
6783510
3400307
2884014
4290592
542899
7432818
4533981
1228138
6400877
352429
8878833
3146742
5645664
8721879
4053588
6043878
3850182
657972
6176143
8345669
371220
9909780
5510844
6458546
2994880
2182917
5432895
3066362
7510147
5464404
5668412
6156646
8273299
54698
1981426
9430582
1755866
1264441
1837377
6707627
6423456
8527735
8486912
7203542
8901901
1454024
9139420
5280841
1589191
3338516
3143108
1616718
7582869
1254624
8818864
7359686
7142124
3014165
7947969
1874129
2543057
4062244
7901694
8615517
8686499
6558946
4913771
1352198
8409111
6536217
6508956
6928841
7307619
9212445
4891111
2480479
1368948
5832925
3479051
1013638
7260226
5261196
6400012
8592376
758077
8681622
8382289
86738
9764162
849303
1092225
8020441
9413812
5544335
7836630
2603007
2856831
7813764
7286169
2041436
7078064
1474047
3494565
1984029
9798475
1821186
996614
9920306
6429191
364264
6783724
8268760
9142960
7957068
8034229
5183952
8492120
7049341
6096945
3661077
2103313
1326114
1109634
8106392
7187206
4956581
6625611
8766068
440885
4898681
8847976
5932668
3188021
8165461
1347155
6888228
9333976
5771010
8650822
8385102
2747290
6170451
177187
3902757
4042887
1958950
7359406
6384640
2268301
7433010
7621288
9850850
997535
8165789
9622228
2500691
7323059
2072901
5097972
6654160
4296975
2224017
1620547
8800532
343853
2125072
9756635
2280357
4433073
6507430
6691855
5394813
1686283
8920759
7400322
9718032
6338679
3165220
719716
1495470
9484024
7912883
2995395
5706746
5245352
3075091
7362084
7341953
3210107
720477
7961554
8641927
3577280
4587493
3684097
3752530
4522217
1569747
3909074
8228867
4868436
599346
2006832
9198462
851500
9336132
975818
6505058
3676507
5874021
9793352
6671525
879249
4565355
4569117
2669868
2707430
9987431
5522891
154711
9425153
4287868
3015362
9965614
5624014
6482876
4336308
8798031
4720842
3080898
8414172
9681557
5364063
8718866
2265928
6126589
5025685
3142849
203805
4878853
9632399
2890116
8402779
6150915
6643350
2359756
6544545
6607124
5821299
4349689
9741682
1067425
5893093
498361
577241
3319293
7279716
5029484
9999263
1517433
6000257
7341982
2127852
3234843
9931684
6559150
834237
4938565
1022545
485260
7760390
5773367
5084345
2988648
1358804
8339800
94241
9518190
1577109
1568494
6296454
1925621
5609908
9770027
3334533
4330594
8365785
2216692
6686219
3467585
1279950
8687022
9362497
8067661
807753
7753948
14020
6112235
5612991
8841759
5755147
9177414
4361148
9856458
9137445
951548
2298933
3229703
6943809
7497429
9670691
4411262
9230600
8964459
6086686
5537810
568248
1693198
943630
8162043
6858244
786936
1833676
9968102
5696762
9174471
4265342
2944733
1193381
872879
8850092
6831746
8219639
3240865
6484404
9446509
1797064
8622216
2397595
3326421
7830489
5876151
9918993
3090003
7685403
7645084
2700053
3679798
2514711
8040847
